3361
7861

6553
631
13

3137
2644
4

18
947
1478

1334
6

53
4325
5422
7217

473
4982
4941

575
6731
9836

968
9939

6741
7653

877
8126
8877

963
119
8189

91
1272

1
249
496
3249

5433
829

45
3834

9145
413
5

569
531
2891

938
238
673
2114

811
276
4112

6542
78

1776
75

1448
9189

5832
6217

587
7392

323
9643

4
423
5518

56
958
3373

31
317
276
1335

454
2885

4993
8163

9451
4922
2281

288
5566
4781

83
14
6542
6115

5373
5245
299

989
1911
6677

791
6985
3772
4837

47
4986
7235

4146
1735

886
342
2998
4742

539
2829
7143

3497
8521

3288
3811

5382
47

7415
1

8368
6593
5384
145

5844
1869
914
92

2345
9243
78
61

1253
553

9541
7737
368
469

5868
5

6644
5395

6793
61

2467
861

9789
1794
913
276

1895
835

2448
871

262
4381
9488

42
429
4545

5154
7726
1

5378
8294

8
7555
8697

3542
18

9529
76

5468
8732

9418
362
171

12
179
671
5734

6987
537

8768
233
4

5665
6183
58
2

422
8149

3128
1996

328
2275
9849

232
2954

243
9784
5596

4325
386

8741
862

352
644
9571
4538

252
818
5595
9972

1877
8338
1852
51

8196
5324

15
5494

383
8864
4435

4386
5566

9194
6988
6918

9396
7893

35
5133

3556
212

296
9283
8498
5689

82
5344

5333
4492
488

25
4922

7623
729

5869
4314
992

7459
7353

6828
397
685

2977
3812

7349
4637

6781
9685
4588
163

5821
84

95
342
1412
9292

2369
451
31

289
4794
7731

2561
6479
1639

2553
181
9

4199
2225

6811
9637
376

8973
6767

8641
8457
276

3272
6936
252
5

2318
424
425

957
2127
7692

19
4964

117
3946
1275

4248
6746
9994
15

25
8138

9884
3119

4132
578

388
3648
2492
2556

2923
3386
61
7

5982
5351

3143
25

4525
9848
5

112
6831
8346
1317

7187
7516

9688
6827

8966
1741

1
2629

57
522
6799
3491

52
5147

123
4352
7675
1423

23
8645

9663
6354
3794

883
7528
8997

6171
3597
436

7154
251

4229
135
3

2314
1659
55

5568
5994
417

7683
964

2791
1875

4784
2135
7195

6
7613

63
189
5327

25
1882
8792

47
3562

8914
7471
558

2699
3966

17
653
1812

891
9799
3274

8727
3656
398
495

9973
3731
64

3552
4778

965
8853

7699
817

918
3717

7125
5925
98

7325
5695

745
1596
5278

4933
8597
117

1498
3723
928

2329
7871
281

185
8488
4313

8
6
9284
3358

7771
3548
396
32

63
9259
6649

594
9352

7847
28

5555
5534
224
315

83
16
8289
8719

7275
2455

9699
9388

7
1855

8688
4366
238

4718
5985

663
9557
4624

8594
3558

8482
9169

8944
5593
5823

93
8941
5857

5136
7254

7
942
8629

7471
6765

3638
8137

4718
8789

1181
9

4411
7627
4122

26
794
4791

861
744
8158
5913

7429
9651
3538

6123
3767
279
84

1344
3826
479
615

2994
3756

4571
7512

4143
9753
1981

73
9743

62
8313
6842
4519

944
4161
6971
1764

59
1929
9978

9
22
2928

7277
74

754
4189

37
9823

6945
8792
613

19
5883
5376

8926
737
2

3678
92
31

3936
651

8496
9246
5593
5198

3988
2

8732
9516

9893
1866

74
1554

6966
178

3468
97

7279
513
64
1

3893
775
65

6785
7583
9788

116
2773

868
4896
5334

5921
6643

6973
6579
4329

8751
493
765

2593
957

7559
1825
8176
844

145
8873

5794
1958
4473

7
22
1512
5752

62
736
2537
6435

1693
7787
4768

7968
2134
7432

5864
4963

184
9886
4834
6594

74
869
987
5718

5189
4913
3157

52
9542
4278

178
4866

6941
6418
7813
584

8834
2159

1195
8655

5972
788
71

8516
9753

8642
3564

232
4782

4968
9117

753
2113

77
9815
2928

2198
3467

64
625
2925

3341
781

926
182
928
5327

472
6226

8164
2127

55
8139
5847

9724
829

6259
9558
562

8275
1235
1865
44

7292
218
74

9839
881

7836
4942

3329
5176
4

2882
6237

22
936
4978

22
324
669
4254

5676
8733
3679

3785
6172

4795
5635

1613
9698

7688
4588
7338

2798
28

3312
4577
6

8811
9675

9239
368
49

818
4767
4922

4737
5322

1917
2191
9479
46

5837
45
8

17
1265

3579
8318
66
97

736
5535
6598
3131

3818
2391
4119

5974
318
715

596
3585

8391
9648

1138
5166

8373
6512
5795
825

27
256
4927

8572
3343
173

1237
575
271

483
472
6959
9171

5483
79

1625
7746
881

5167
2331
6661
989

277
9769
7149

3221
883

4891
9418

2461
4519
281

3346
9753

4485
2747
8464
2413

985
3281

3354
2648
8684

6823
7

9561
463

2211
7567
1213
478

5785
311
513

3221
21
2

624
944
2154
5162

1212
7765
1555

9523
7895
71

5712
3958

9631
6148

8884
6444
4796

6455
883

5449
8531

4734
6476
144

8961
7436

2961
198

8443
636
3

41
1479

2499
1629

93
997
725
3658

34
723
9532
1154

83
3161

73
9434
7651

1291
8517
183

2152
1427
4556

82
6154

3862
2182
4116

8424
5471
1

3
6288
1525

91
9957

4723
5951
84

196
5425

445
991
2375

67
127
1683
4117

8143
5827
22

1424
8778
2371

7324
3422
7947

8419
389
5

5546
3129
673
832

5118
1178
9248

7191
534
83

3625
8718

4988
833

1616
7181

233
4398

8856
9466
6552

6154
7744
74

9661
5498
5947
177

258
4653
2118

4229
2575
368

6783
4456

2355
5922

553
3999
2397
7476

5953
31

19
394
9364

51
648
2978

7749
8479
6197
756

5351
51
26

9393
286
28

5267
4515

2
2124
7279

7195
625
523

1513
431
5

89
2784
7865

1
6667
1486

5784
7551
4495
293

2131
9123
576

64
1877
2937

125
7144

9122
5488
3438

97
8566

7342
7223

93
5521
4271
8294

9111
7321

2259
7997
8924
832

221
946
636
1193

8262
727
2

8151
4917
3151

2488
5177
737
499

2891
2714
85

416
5756
7148

74
77
1157
7349

3522
466

8391
2485
1931
735

69
4773
6979

8257
4344
2991

5432
578

69
569
145
6464

13
2119

1524
5959
782

81
5461
3168

2446
2619

7881
452
31

6655
7549

4
2946
3347

3796
6871

5323
1372

3755
122
894
31

6387
8581
5442
72

2336
368
61

6445
488

6
132
9376

642
9221
5431

3296
4337
7984

1314
462
91
91

4418
5539
283

7273
39

575
4532

1593
244
792

3627
1971
329

37
6589
3939
7851

19
3489
9157

534
911
6386

331
1332

692
662
5612

4862
8359
9162
39

4573
545
644

48
4114
8973
5987

3887
273

82
56
9324
2667

946
9998

26
9448
7826

874
6747

98
2762
8871

5233
4167

8881
345

5
394
7486

98
7516
9777

8984
2186
314

8
9239

63
1913

8177
2715

79
6487
7341

5866
6527
4938
78

96
2975
5668

9378
5348

7377
749

8867
1175
3535

7776
5181

4
753
7883

3316
2161
359

6714
9312
121

2864
2726
712

7923
4982

874
4424

9784
2452
681
32

5248
569
73

1261
3273
483

4
995
8255

5773
8765

2836
8821

7158
3639
7

51
413
6511

3893
6

84
36
2636

7471
2266
9372
994

1769
69

64
832
7477

2995
8871
336

2134
3579
9574
8376

574
873
6569
5523

3893
241
772

36
3329
7757

7412
3973

3926
3555
689

1648
2794
536
864

3381
7157

6834
294

7494
6713

5941
964

2835
1166

7385
4421
733

3944
697
89

8769
356
43

6781
9441

299
6396
7525

2135
9527
127

1264
8648
183

9244
1566
2696

8331
6733

376
7296
1929

4431
2318
435
7

5353
5843

244
1532
5831

9265
8224
947

1741
89

5125
2438

1252
4642

3124
6951
6149

4297
49

99
6917
1864

7228
2435

9736
3275
55

491
499
844
3162

7952
2968

4359
3867
3913

1563
314

7358
4338
496
57

5736
4986

24
4386

9724
1536
179

182
3196

25
813
4355

1495
7529
618

2936
126
543

3839
1383
7681

997
318
1838
2928

8443
3369

57
243
1455

2958
4747
768
9

8923
494
234

1274
4536

7334
857
6

4
3122

1431
8318
1878

823
1649
5995

8151
4927
98

5553
5265

6946
8494

1153
6166
42
42

88
6165
9334

4527
895
76

362
993
7725

4496
3545

291
685
1657
7676

936
7762
4886

713
623
7396
9748

8868
9258
6387

1985
9717
372
9

9372
5966
3

433
3238
4438

516
3419
4189
1844

7247
9978

1875
5919

2388
1251
4683

5473
2441
373

95
8934
6172

45
334
9826

12
9165

2112
621
53

6776
3252
9699

6978
6463
2473
48

3966
3818
195

518
2466

5131
9564

113
9824

2291
6

9181
164

8318
113

8865
262

25
3244

359
8526
3858
5713

133
4918

226
1688
3327

7284
9383

5547
49

3456
5652
6642

9249
9244
4452

1486
717
286
4

9141
78
73

2398
51

15
52
4395

1572
3761

7987
4363
645

4665
9798
7218

3778
6175
33

8478
1488
6

6674
428

2698
9269

6139
541

3
19
9299

7284
2798
12

1234
69

4131
7

9916
87

8292
9226
2189

7833
721
99
88

4289
4931
574
836

981
8875

7491
7698

3275
3296
6781

9959
2163
354
841

7444
154

483
2855

434
6875

52
253
3674

3158
5359

533
8859

978
7451
1837

63
6335
9421

2917
1626

567
6121

4661
677

928
2299

1
8478
5855

5831
2445
5984
65

73
672
3464

942
5811
1812

9233
3985
96

3588
9272

176
1154

2191
32
5

75
791
6555

1691
1673

6672
8342
954

258
1571

1763
5557
187

91
7439

9933
1154
858

1775
7334

1
5695

3694
6776

8562
19

166
8958

8261
2115
2287
1

277
4211
1779

4119
1
1

511
573
4432

8
37
592
8423

1134
9

9667
46

522
2348

8332
9685

4116
6932

9544
8493
4347

31
5851
2582

4283
7151
183

1481
3336
2991

1325
7297
44

2623
7325
8411
59

1547
5944

1114
2577

3342
7828

7885
18

6553
113

934
482
7859

7245
967

941
2448

757
2769

335
9765
3221

3642
4432
94

48
5984
9126

4284
71
6

412
282
3859
2554

24
1529
3741

6725
4

591
7184

3758
2392

1127
361

29
2852
8832

358
1491
4316

5
6165

2748
3443
6821
997

2753
224

6188
923
85

3247
58
25

53
5669

6294
783
9

7947
3747

2546
2167
657

8241
3167

65
878
5122
8842

3766
9647
422
822

9487
4122
961

712
534
7716
2322

441
4355
8994

7371
5528
12

3961
6546
3753

3295
1723
8246

88
8999

673
661
4594

9512
2943
4

1871
8625

8
3761

2966
3763
278
548

8358
359
521

9513
8936
46

52
212
4145

3348
9793
7152

92
9788
9886

4689
235

4293
4299
5382

2195
7988

2727
1563

9584
391
1

285
6893
6669
4743

9116
9111
177

3729
6944
537

9
2531
3586

164
951
8549

7767
4358
41

8265
6897

24
663
4347

88
5715
7413

2984
17

71
2165
1474

8582
4624
9383

5622
3157

7492
9589

4126
9844
36

4527
8662
44

8521
42

14
321
382
5541

2199
1311

413
5321
7549
6114

7555
4676
5949
659

197
5246
7142

1888
1876
782

974
1114
8775

4862
4828
186
45

5
8911
9116
9538

5589
328

7367
6214
64

746
7835

8628
2619
946

156
4793

3856
4891

8646
5339
366

316
9691

393
752
2661
1128

5332
5426
229

66
16
3176
1623

34
835
6196

3696
5362
3991
937

29
3415

2345
1385
527

5955
45
34

9815
83
26

4568
6847
4963

6884
1

4621
431
333

9342
1496

1329
9279
5847

8453
3588
14
7

7789
1828
428

19
1622
5572

8433
5386

556
9557

6655
8779

7545
3

5396
3541
4354

7914
8531
853

9495
2286
4692

35
765
4118
8358

4144
5742

2428
4451
9786
9754

33
852
2827

6947
4963

9978
993

462
881
2511

9293
3661

1914
367
49

1261
3968

899
481
2213
3994

19
4395
8265

6637
1845

8734
595

1425
98
12
37

55
622
8322
8673

6474
452

9567
791
325
96

5322
5779
3769

1553
491
55

8
3895
7881
9696

8827
278
914

8888
6568

3417
9242

7665
7267

6
9511
8217

649
451
555
8525

719
6242
2817

455
1418
8886

1492
591

2665
6311

831
8787
6178

4545
2176

8862
6467

9172
64

2369
842
53

6933
7993

83
922
2979
1285

7748
34

6813
49
91

247
1794
3869

71
329
1628
2987

6219
7858

34
6185

316
7621
7132

6127
7977
7598
84

6364
6165
982
3

4
8162

4715
5651
33

692
3789
4216

1891
9747
698

3
5731

1914
9953

9277
269

2371
3826

94
9185
3189

7
6327

84
7186
9363

6134
9526

8883
215

4996
9

897
3143
2444

6
156
8418

9391
3591
491

6247
1952
625
76

3546
432

8532
1868

375
4273
1328

81
235
9558

6262
198
4

1914
3187

4411
254
262

325
3811

6598
9236

44
464
568
3741

89
773
9717

622
815
8728

2927
7155

3758
4596
397
4

8645
281

172
5323

5481
893
18
3

3754
7194

1773
8252

8843
6664
9679
6434

3164
932

9927
3792
929
497

42
554
2996

9844
748
433

1
772
5768

3375
9614
1617

1375
541

2948
31

5755
2465
85

3123
8263

365
337
6226
5285

626
3311

2413
379
435
51

8963
2724

6757
12

8251
4964

1698
5549
1825
914

2384
3244

8661
9958
641

2523
6767

7325
5689
7898

4597
3727
75

755
7859
2586

211
9459

476
2236
7817

387
2549

3418
46

8641
7916

3235
437

3749
29
5

9
762
6714

6256
1

9357
74

1497
747

762
4911
2434

5132
7

8735
883
224

6467
782

5746
7415

58
289
2965

8394
6674
1445

2364
6869
449
6

1155
1989

2289
7452

67
3654

454
2556
3933

2449
8962

623
6727
9592

2127
7223

2775
3787

6259
222
5

4262
36

9835
8648

1216
17
65

9849
54

426
6122
4291
9215

662
3994
9932

1185
5

4541
3167

184
9287

7364
5367

873
8537

6436
671

6587
4846

9484
7915

7299
1596
6139

7289
8216

6477
4794
299

9924
6872
5465
627

7924
2189
1358

1146
152
7

58
4873
1224

3947
425

55
971
2869
9565

5947
9771

36
466
4367

9524
5538
3184
126

7594
3967
18

9312
143
53

7456
278

2556
1328
62

197
9364
8572

8129
8462

93
22
715
5519

6662
7925

6929
2677

7135
6214

7979
5284
8593

5484
447
827

6763
923

2753
6954
537
9

7981
9419
647

2822
8555

9268
4385

91
4867
7326

3765
916

292
9656

83
7382
8542

5827
6799
4135

1
94
7494

3719
124

88
4146
7724

2555
3818

2264
464

79
16
5935

3432
416
368

1
9532

287
5124

4577
2361
1997

57
4756

184
4693
6638

4319
5999
164

5296
6515
6

2254
8965
6451

64
27
8493

216
987
5395

3
625
3273

9566
9957
7396

231
4416
9821

9225
2197

6467
4163
294

2456
7217
534

874
747
1255
3198

491
484
736
8975

8
13
6512

8388
564
252
53

14
7687
3188

22
7654

7897
738
213
2

8673
319

518
9393

9991
8973
1672

3923
3645
1956

9197
2853
135

967
8271
8347

4119
8843

83
9359
4199

8523
6856
436

624
2366
5426
8527

2762
3559
21
6

3987
4643

48
4148

2127
212
39

98
723
1966

918
294
6983

4462
826
25

1729
1964
1251
2614

6888
325

8768
6467

4431
1159
273

6967
962
47

6363
6339

3556
268

561
461
9113

23
1265
5433

7976
8788
1315
17

4222
3636

9
365
9831

8654
1366
316

9636
8485
247

6878
749

19
5145

778
423
5491

2547
3337
969
86

84
4857
3975

7891
9437

9441
7169

59
2343

7
5548
1944

44
3211
5375

9192
18
9
